0	3330
0	3169
0	3048
0	2562
0	2399
0	2289
0	2222
0	2137
0	2026
0	1997
0	1885
0	1806
0	1633
0	1484
0	1415
0	1355
0	1298
0	1220
0	672
0	316
0	152
0	138
0	4
1	3594
1	3442
1	3408
1	3400
1	3271
1	3064
1	2891
1	2873
1	2863
1	2549
1	2541
1	2489
1	2275
1	2244
1	2140
1	2106
1	2083
1	1989
1	1784
1	1707
1	1537
1	1461
1	1161
1	1067
1	1017
1	914
1	907
1	848
1	733
1	700
1	468
1	303
1	241
1	217
1	104
1	39
2	3420
2	3385
2	3383
2	3376
2	3370
2	3330
2	3329
2	3305
2	3117
2	3114
2	3016
2	2991
2	2909
2	2896
2	2860
2	2812
2	2782
2	2732
2	2661
2	2631
2	2589
2	2565
2	2544
2	2539
2	2490
2	2431
2	2401
2	2368
2	2336
2	2290
2	2253
2	2226
2	2115
2	1923
2	1897
2	1894
2	1852
2	1835
2	1804
2	1802
2	1773
2	1710
2	1618
2	1548
2	1438
2	1409
2	1385
2	1337
2	1298
2	1286
2	1196
2	1191
2	1182
2	1095
2	1054
2	1048
2	1046
2	1012
2	1005
2	984
2	975
2	962
2	611
2	520
2	485
2	376
2	344
2	180
2	100
2	73
3	3555
3	3525
3	3518
3	3487
3	3485
3	3440
3	3439
3	3422
3	3416
3	3368
3	3367
3	3354
3	3327
3	3325
3	3299
3	3292
3	3187
3	3180
3	3166
3	3136
3	3116
3	3041
3	3037
3	3031
3	3030
3	3024
3	3010
3	2987
3	2962
3	2933
3	2910
3	2894
3	2865
3	2863
3	2862
3	2851
3	2814
3	2789
3	2786
3	2779
3	2712
3	2711
3	2676
3	2591
3	2587
3	2569
3	2530
3	2523
3	2520
3	2519
3	2479
3	2407
3	2403
3	2342
3	2339
3	2330
3	2326
3	2322
3	2319
3	2318
3	2316
3	2311
3	2265
3	2241
3	2171
3	2160
3	2123
3	2103
3	2075
3	2073
3	2065
3	2044
3	2031
3	2012
3	2005
3	1996
3	1945
3	1943
3	1842
3	1838
3	1816
3	1808
3	1751
3	1739
3	1720
3	1716
3	1694
3	1691
3	1591
3	1579
3	1569
3	1566
3	1509
3	1504
3	1459
3	1455
3	1454
3	1446
3	1439
3	1411
3	1403
3	1362
3	1331
3	1282
3	1230
3	1227
3	1103
3	1074
3	1068
3	1035
3	1011
3	998
3	963
3	947
3	923
3	908
3	901
3	877
3	834
3	805
3	800
3	793
3	775
3	738
3	663
3	658
3	655
3	549
3	544
3	535
3	533
3	475
3	462
3	393
3	341
3	340
3	325
3	308
3	234
3	220
3	219
3	214
3	183
3	139
3	86
3	76
3	69
3	67
3	60
4	2976
4	2913
4	2851
4	2449
4	2406
4	2319
4	2235
4	2185
4	2103
4	1942
4	1757
4	1569
4	1566
4	1529
4	923
4	805
4	569
4	467
4	412
5	3558
5	3495
5	3478
5	3275
5	3228
5	3107
5	3074
5	3029
5	2889
5	2865
5	2851
5	2825
5	2819
5	2783
5	2614
5	2564
5	2473
5	2427
5	2359
5	2345
5	2283
5	2134
5	2042
5	1828
5	1792
5	1699
5	1670
5	1271
5	1269
5	1233
5	1203
5	1117
5	1094
5	736
5	730
5	687
5	641
5	387
5	375
5	360
5	350
5	341
5	205
5	139
5	61
6	3523
6	3472
6	3451
6	3068
6	2997
6	2968
6	2907
6	2843
6	2791
6	2700
6	2590
6	2570
6	2437
6	2405
6	2399
6	2254
6	2240
6	2165
6	2163
6	2142
6	2046
6	2027
6	1665
6	1655
6	1608
6	1508
6	1434
6	1416
6	1269
6	1147
6	1128
6	1081
6	1063
6	1033
6	979
6	846
6	716
6	698
6	659
6	590
6	581
6	457
6	454
6	356
6	295
6	260
6	248
6	166
6	110
6	58
7	3591
7	3577
7	3565
7	3550
7	3549
7	3482
7	3431
7	3419
7	3375
7	3370
7	3355
7	3293
7	3248
7	3227
7	3223
7	3222
7	3214
7	3211
7	3206
7	3203
7	3142
7	3121
7	3108
7	3080
7	3058
7	2997
7	2974
7	2957
7	2931
7	2915
7	2781
7	2762
7	2724
7	2690
7	2685
7	2671
7	2669
7	2659
7	2649
7	2589
7	2563
7	2550
7	2525
7	2514
7	2496
7	2484
7	2456
7	2399
7	2367
7	2348
7	2304
7	2294
7	2259
7	2234
7	2200
7	2183
7	2023
7	1991
7	1936
7	1911
7	1907
7	1897
7	1852
7	1821
7	1813
7	1812
7	1772
7	1759
7	1741
7	1738
7	1635
7	1624
7	1600
7	1515
7	1501
7	1444
7	1404
7	1394
7	1356
7	1337
7	1306
7	1263
7	1258
7	1244
7	1236
7	1220
7	1201
7	1170
7	1136
7	1131
7	1085
7	1075
7	1072
7	1057
7	1053
7	993
7	984
7	971
7	968
7	941
7	940
7	928
7	874
7	871
7	853
7	821
7	809
7	787
7	740
7	735
7	732
7	728
7	707
7	694
7	688
7	647
7	566
7	563
7	526
7	515
7	496
7	478
7	468
7	465
7	422
7	373
7	352
7	305
7	292
7	285
7	282
7	259
7	240
7	158
7	140
7	121
7	71
7	70
7	62
7	14
8	3581
8	3573
8	3551
8	3546
8	3509
8	3508
8	3480
8	3448
8	3443
8	3433
8	3429
8	3339
8	3322
8	3282
8	3280
8	3275
8	3256
8	3241
8	3200
8	3171
8	3122
8	3107
8	3105
8	3100
8	3093
8	3088
8	3069
8	3052
8	3037
8	2998
8	2994
8	2929
8	2865
8	2861
8	2852
8	2801
8	2748
8	2723
8	2627
8	2588
8	2519
8	2467
8	2380
8	2330
8	2300
8	2265
8	2241
8	2213
8	2198
8	2193
8	2174
8	2170
8	2164
8	2092
8	1981
8	1956
8	1950
8	1933
8	1880
8	1874
8	1823
8	1799
8	1798
8	1769
8	1727
8	1718
8	1678
8	1668
8	1645
8	1541
8	1401
8	1382
8	1290
8	1287
8	1269
8	1219
8	1210
8	1192
8	1174
8	1127
8	1086
8	1077
8	1044
8	1028
8	1003
8	998
8	992
8	944
8	927
8	921
8	919
8	912
8	911
8	864
8	799
8	768
8	731
8	690
8	612
8	587
8	584
8	570
8	508
8	452
8	435
8	414
8	382
8	363
8	349
8	329
8	302
8	284
8	273
8	257
8	254
8	221
8	167
8	155
8	139
8	95
8	92
8	78
8	36
8	28
8	10
8	0
9	3588
9	3563
9	3540
9	3483
9	3476
9	3423
9	3384
9	3334
9	3329
9	3318
9	3276
9	3201
9	3196
9	3130
9	3092
9	3073
9	3032
9	2999
9	2984
9	2978
9	2968
9	2927
9	2921
9	2900
9	2892
9	2888
9	2887
9	2813
9	2805
9	2804
9	2799
9	2722
9	2691
9	2668
9	2643
9	2622
9	2612
9	2601
9	2576
9	2574
9	2571
9	2527
9	2507
9	2480
9	2466
9	2461
9	2451
9	2445
9	2422
9	2400
9	2374
9	2372
9	2367
9	2363
9	2278
9	2226
9	2192
9	2167
9	2161
9	2124
9	2097
9	2076
9	2055
9	1934
9	1897
9	1866
9	1844
9	1835
9	1804
9	1748
9	1746
9	1742
9	1733
9	1669
9	1602
9	1568
9	1562
9	1545
9	1516
9	1507
9	1490
9	1485
9	1474
9	1470
9	1433
9	1426
9	1414
9	1384
9	1373
9	1363
9	1346
9	1337
9	1336
9	1288
9	1229
9	1228
9	1222
9	1217
9	1193
9	1181
9	1108
9	1098
9	1096
9	1059
9	1056
9	1036
9	1032
9	1029
9	1019
9	989
9	984
9	971
9	918
9	916
9	906
9	899
9	883
9	869
9	851
9	829
9	774
9	674
9	664
9	636
9	630
9	628
9	550
9	512
9	486
9	479
9	425
9	402
9	378
9	365
9	339
9	336
9	239
9	233
9	204
9	201
9	190
9	187
9	182
9	148
9	116
9	100
9	58
9	46
9	41
9	17
10	3273
10	3182
10	3140
10	3125
10	2858
10	2399
10	1930
10	1923
10	1548
10	1496
10	1410
10	1323
10	1276
10	1111
10	1075
10	1063
10	875
10	371
10	332
10	124
10	57
11	3476
11	1982
11	1747
11	1696
11	1661
11	1469
11	1448
11	1337
11	1043
11	845
11	817
11	654
11	568
11	509
11	489
11	472
11	437
11	313
11	258
11	109
12	3066
12	2834
12	2752
12	2554
12	2375
12	2341
12	2249
12	2061
12	1940
12	1824
12	1759
12	1601
12	1550
12	1349
12	1234
12	1156
12	1154
12	1150
12	1130
12	898
12	885
12	825
12	751
12	702
12	604
12	527
12	384
12	291
12	196
13	3279
13	3253
13	2815
13	2177
13	2093
13	1863
13	1542
13	973
13	926
13	653
13	107
14	3592
14	3575
14	3547
14	3537
14	3491
14	3392
14	3390
14	3386
14	3358
14	3283
14	3240
14	3162
14	3144
14	3134
14	3086
14	3042
14	3011
14	2992
14	2963
14	2943
14	2920
14	2893
14	2881
14	2838
14	2795
14	2785
14	2784
14	2713
14	2708
14	2706
14	2687
14	2628
14	2584
14	2561
14	2511
14	2506
14	2499
14	2483
14	2475
14	2462
14	2453
14	2447
14	2440
14	2417
14	2378
14	2305
14	2281
14	2261
14	2251
14	2063
14	2062
14	2053
14	2029
14	2013
14	1974
14	1832
14	1829
14	1815
14	1807
14	1782
14	1740
14	1674
14	1592
14	1587
14	1467
14	1463
14	1320
14	1315
14	1312
14	1294
14	1264
14	1208
14	1185
14	1176
14	1168
14	1160
14	1144
14	1138
14	1100
14	1071
14	1060
14	1024
14	1022
14	1021
14	999
14	991
14	965
14	961
14	831
14	811
14	807
14	772
14	748
14	710
14	693
14	675
14	670
14	651
14	613
14	499
14	488
14	476
14	463
14	436
14	395
14	361
14	338
14	323
14	270
14	246
14	216
14	188
14	108
14	87
14	79
14	65
14	50
14	33
14	25
14	24
15	3203
15	2540
15	2271
15	1804
15	1190
15	840
15	596
15	548
16	3589
16	3582
16	3572
16	3505
16	3469
16	3293
16	3263
16	3251
16	3244
16	3209
16	3196
16	3157
16	3121
16	3095
16	3028
16	3021
16	3020
16	2936
16	2866
16	2833
16	2756
16	2731
16	2719
16	2714
16	2702
16	2663
16	2637
16	2631
16	2623
16	2620
16	2586
16	2556
16	2555
16	2545
16	2455
16	2409
16	2389
16	2288
16	2258
16	2081
16	2048
16	2003
16	1992
16	1982
16	1967
16	1934
16	1914
16	1907
16	1900
16	1852
16	1827
16	1791
16	1773
16	1736
16	1722
16	1710
16	1682
16	1662
16	1617
16	1615
16	1609
16	1608
16	1560
16	1465
16	1441
16	1432
16	1413
16	1409
16	1399
16	1373
16	1348
16	1344
16	1337
16	1292
16	1286
16	1283
16	1259
16	1249
16	1202
16	1151
16	1146
16	1095
16	1087
16	1085
16	1070
16	1066
16	1056
16	1046
16	1007
16	997
16	986
16	982
16	980
16	936
16	925
16	917
16	879
16	874
16	835
16	744
16	729
16	728
16	726
16	650
16	619
16	562
16	470
16	453
16	301
16	280
16	199
16	149
16	141
16	135
16	121
16	117
16	96
16	80
16	72
16	14
17	3534
17	3514
17	3362
17	3346
17	3319
17	3304
17	3203
17	3146
17	3056
17	3025
17	2873
17	2355
17	2202
17	2069
17	1983
17	1954
17	1790
17	1643
17	1482
17	1369
17	1166
17	984
17	696
17	543
17	456
17	402
17	324
17	203
17	194
17	161
17	115
17	13
18	3551
18	3487
18	3452
18	3446
18	3360
18	3349
18	3187
18	3161
18	3137
18	3091
18	3041
18	3006
18	2973
18	2951
18	2903
18	2856
18	2846
18	2789
18	2787
18	2761
18	2676
18	2664
18	2569
18	2519
18	2485
18	2477
18	2403
18	2391
18	2390
18	2319
18	2316
18	2265
18	2154
18	2121
18	2103
18	2082
18	2022
18	2012
18	1976
18	1952
18	1879
18	1872
18	1838
18	1834
18	1698
18	1685
18	1572
18	1566
18	1564
18	1509
18	1403
18	1371
18	1362
18	1246
18	1230
18	1227
18	1175
18	1039
18	952
18	908
18	868
18	858
18	827
18	819
18	797
18	714
18	600
18	599
18	535
18	524
18	516
18	448
18	446
18	355
18	279
18	235
18	234
18	9
19	3395
19	3103
19	3094
19	3027
19	2844
19	2617
19	2549
19	2529
19	2496
19	2482
19	2280
19	2128
19	2074
19	1936
19	1928
19	1898
19	1797
19	1687
19	1618
19	1520
19	1419
19	1405
19	1238
19	1187
19	1143
19	1080
19	650
19	492
19	43
19	35
20	3423
20	3415
20	3377
20	3261
20	3216
20	3043
20	2921
20	2885
20	2827
20	2763
20	2729
20	2691
20	2650
20	2396
20	2329
20	2320
20	2286
20	2278
20	2229
20	2131
20	2105
20	2060
20	1961
20	1922
20	1897
20	1875
20	1850
20	1804
20	1643
20	1625
20	1427
20	1426
20	1406
20	1373
20	1253
20	1163
20	1120
20	1097
20	955
20	950
20	915
20	842
20	814
20	783
20	746
20	637
20	632
20	596
20	588
20	586
20	579
20	575
20	548
20	502
20	430
20	423
20	249
20	82
21	3516
21	3498
21	3430
21	3404
21	3396
21	3387
21	3351
21	3345
21	3315
21	3303
21	3250
21	3241
21	3233
21	3186
21	3149
21	3138
21	2958
21	2942
21	2934
21	2923
21	2921
21	2871
21	2853
21	2836
21	2831
21	2777
21	2735
21	2710
21	2704
21	2699
21	2682
21	2625
21	2600
21	2556
21	2515
21	2491
21	2481
21	2422
21	2376
21	2370
21	2303
21	2295
21	2269
21	2264
21	2223
21	2205
21	2183
21	2178
21	2133
21	2125
21	2119
21	2113
21	2087
21	2058
21	2020
21	1988
21	1969
21	1958
21	1944
21	1912
21	1904
21	1864
21	1795
21	1767
21	1765
21	1763
21	1761
21	1755
21	1734
21	1718
21	1702
21	1658
21	1636
21	1620
21	1571
21	1545
21	1544
21	1520
21	1406
21	1400
21	1367
21	1327
21	1248
21	1205
21	1154
21	1150
21	1133
21	1123
21	1104
21	1076
21	996
21	904
21	898
21	822
21	795
21	789
21	732
21	656
21	639
21	624
21	616
21	456
21	451
21	441
21	362
21	327
21	307
21	300
21	294
21	272
21	271
21	209
21	189
21	186
21	185
21	149
21	122
21	112
21	89
21	81
22	3428
22	3397
22	3357
22	3328
22	3219
22	3212
22	3203
22	3070
22	3003
22	2972
22	2518
22	2450
22	2418
22	2284
22	2238
22	2088
22	1979
22	1962
22	1804
22	1762
22	1633
22	1625
22	1311
22	1220
22	1218
22	1216
22	1199
22	1195
22	1102
22	840
22	824
22	671
22	424
22	153
22	138
22	91
23	3287
23	2692
23	1956
23	1514
23	1330
23	584
23	503
23	477
24	3521
24	3520
24	3499
24	3462
24	3460
24	3442
24	3369
24	3363
24	3359
24	3331
24	3302
24	3301
24	3266
24	3241
24	3202
24	3179
24	3154
24	3148
24	3117
24	3079
24	3055
24	2989
24	2979
24	2926
24	2922
24	2875
24	2770
24	2738
24	2730
24	2718
24	2670
24	2606
24	2581
24	2537
24	2513
24	2476
24	2457
24	2428
24	2409
24	2394
24	2392
24	2385
24	2376
24	2349
24	2237
24	2232
24	2228
24	2173
24	2149
24	2147
24	2128
24	2100
24	2023
24	2011
24	2006
24	1994
24	1968
24	1957
24	1936
24	1914
24	1905
24	1888
24	1851
24	1826
24	1818
24	1712
24	1703
24	1686
24	1683
24	1663
24	1657
24	1648
24	1619
24	1598
24	1595
24	1585
24	1578
24	1493
24	1425
24	1397
24	1394
24	1385
24	1308
24	1295
24	1257
24	1247
24	1214
24	1197
24	1186
24	1099
24	1091
24	1085
24	1064
24	1051
24	1030
24	1026
24	957
24	933
24	929
24	893
24	888
24	713
24	679
24	678
24	644
24	553
24	538
24	495
24	491
24	490
24	418
24	401
24	372
24	362
24	348
24	294
24	142
24	60
24	49
24	44
25	3273
25	3192
25	3175
25	3160
25	3001
25	2820
25	2747
25	2689
25	2244
25	2069
25	1890
25	1840
25	1790
25	1667
25	1613
25	1280
25	1250
25	1149
25	1142
25	1090
25	395
25	296
25	198
25	87
26	3170
26	3098
26	2944
26	2834
26	2399
26	2249
26	2157
26	2141
26	2032
26	1957
26	1824
26	1539
26	1055
26	876
26	715
26	541
27	2923
27	2809
27	2484
27	2450
27	2238
27	1876
27	1804
27	1729
27	1512
27	1314
27	625
27	596
27	352
27	311
28	3494
28	3476
28	3471
28	3456
28	3426
28	3346
28	3319
28	3280
28	3277
28	3220
28	3203
28	3025
28	2970
28	2873
28	2776
28	2641
28	2617
28	2556
28	2364
28	2262
28	2017
28	1999
28	1881
28	1848
28	1643
28	1641
28	1629
28	1594
28	1482
28	1380
28	1369
28	1300
28	1279
28	1174
28	1166
28	1112
28	1095
28	984
28	950
28	861
28	662
28	579
28	540
28	456
28	452
28	398
28	386
28	331
28	297
28	239
28	28
28	7
29	3496
29	3493
29	3046
29	2911
29	2869
29	2458
29	2377
29	2273
29	2160
29	1775
29	1721
29	1431
29	1154
29	786
29	440
29	384
29	318
29	40
30	3421
30	3383
30	2879
30	2600
30	2413
30	2072
30	1277
30	1119
30	428
30	314
31	3567
31	3256
31	3242
31	2635
31	2602
31	2503
31	2298
31	2293
31	2260
31	2025
31	2017
31	1859
31	1468
31	657
31	633
32	3557
32	3492
32	3314
32	3297
32	3159
32	3146
32	3064
32	2876
32	2873
32	2796
32	2727
32	2718
32	2680
32	2648
32	2567
32	2566
32	2418
32	2410
32	2324
32	2257
32	2168
32	2155
32	2140
32	2077
32	2058
32	1980
32	1955
32	1901
32	1776
32	1627
32	1599
32	1497
32	1428
32	1166
32	1017
32	749
32	583
32	377
32	364
32	346
32	286
32	255
32	232
32	173
32	134
32	106
32	93
33	3587
33	3539
33	3530
33	3498
33	3476
33	3475
33	3329
33	3270
33	3261
33	3257
33	3216
33	3102
33	2868
33	2842
33	2841
33	2793
33	2741
33	2726
33	2586
33	2521
33	2470
33	2430
33	2400
33	2278
33	2225
33	2214
33	2085
33	2008
33	1835
33	1679
33	1662
33	1643
33	1522
33	1376
33	1299
33	1228
33	1112
33	1095
33	1036
33	1000
33	676
33	634
33	596
33	579
33	548
33	518
33	459
33	277
33	252
33	182
33	170
33	116
34	3561
34	3527
34	3524
34	3517
34	3458
34	3391
34	3313
34	3297
34	3281
34	3245
34	3234
34	3230
34	3140
34	3113
34	3090
34	3084
34	3064
34	3053
34	3000
34	2980
34	2972
34	2953
34	2906
34	2823
34	2798
34	2745
34	2738
34	2709
34	2660
34	2648
34	2630
34	2629
34	2579
34	2560
34	2526
34	2524
34	2510
34	2491
34	2460
34	2458
34	2444
34	2432
34	2418
34	2349
34	2309
34	2307
34	2246
34	2212
34	2200
34	2158
34	2151
34	2116
34	2084
34	2024
34	2001
34	1985
34	1980
34	1918
34	1883
34	1819
34	1818
34	1788
34	1780
34	1717
34	1655
34	1642
34	1628
34	1619
34	1494
34	1417
34	1410
34	1370
34	1366
34	1342
34	1318
34	1307
34	1266
34	1257
34	1255
34	1226
34	1183
34	1157
34	1107
34	1091
34	1034
34	974
34	897
34	896
34	871
34	849
34	800
34	786
34	780
34	741
34	732
34	712
34	623
34	583
34	560
34	554
34	552
34	519
34	498
34	491
34	447
34	445
34	439
34	391
34	390
34	335
34	282
34	228
34	142
34	104
34	93
34	91
34	51
34	42
35	3268
35	3186
35	2996
35	2928
35	2659
35	2571
35	2544
35	2426
35	2409
35	1695
35	1113
35	620
35	584
35	388
35	28
36	3572
36	3420
36	3370
36	3236
36	2921
36	2824
36	2815
36	2754
36	2586
36	2364
36	2299
36	2056
36	1635
36	1552
36	1521
36	1369
36	1300
36	1263
36	1243
36	1161
36	1095
36	1036
36	741
36	676
36	456
36	345
36	259
36	239
36	224
36	34
37	3582
37	3498
37	3259
37	3254
37	3204
37	3201
37	3122
37	3096
37	2968
37	2937
37	2835
37	2799
37	2742
37	2675
37	2620
37	2576
37	2558
37	2556
37	2493
37	2335
37	2299
37	2226
37	2145
37	2036
37	2014
37	2002
37	1941
37	1934
37	1915
37	1830
37	1794
37	1662
37	1524
37	1473
37	1465
37	1357
37	1352
37	1337
37	1095
37	1041
37	989
37	949
37	936
37	922
37	798
37	792
37	764
37	577
37	504
37	426
37	378
37	182
37	28
38	3582
38	3419
38	3305
38	3244
38	3124
38	3110
38	3096
38	3083
38	2997
38	2732
38	2590
38	2587
38	2580
38	2573
38	2389
38	2367
38	2358
38	2267
38	2078
38	1900
38	1714
38	1609
38	1559
38	1556
38	1465
38	1337
38	1273
38	905
38	903
38	798
38	726
38	707
38	667
38	645
38	605
38	577
38	534
38	528
38	500
38	450
38	416
38	259
38	250
38	181
38	77
39	3535
39	3501
39	3486
39	3301
39	3263
39	3199
39	2866
39	2697
39	2597
39	2501
39	2495
39	2388
39	2238
39	2136
39	2089
39	1923
39	1916
39	1843
39	1814
39	1762
39	1437
39	1385
39	1310
39	1220
39	804
39	755
39	606
39	501
39	474
39	372
39	231
39	175
39	169
39	99
40	3580
40	3474
40	3444
40	3141
40	2955
40	2384
40	2187
40	1847
40	1820
40	1539
40	1408
40	1347
40	1298
40	1162
40	560
40	321
40	2
41	3586
41	3489
41	3447
41	3434
41	3426
41	3394
41	3371
41	3331
41	3319
41	3311
41	3273
41	3271
41	3038
41	2941
41	2916
41	2823
41	2689
41	2681
41	2634
41	2567
41	2541
41	2505
41	2463
41	2244
41	2203
41	2200
41	2136
41	2077
41	2040
41	1989
41	1895
41	1537
41	1525
41	1513
41	1420
41	1255
41	1209
41	1142
41	1122
41	1100
41	1090
41	1072
41	792
41	786
41	773
41	763
41	743
41	511
41	445
41	421
41	373
41	331
41	256
41	192
41	142
41	137
41	93
41	18
42	3203
42	3143
42	2957
42	2917
42	2909
42	2822
42	2744
42	2425
42	2238
42	1822
42	1789
42	1624
42	1545
42	1540
42	1526
42	1244
42	1241
42	1190
42	380
42	316
42	99
43	3370
43	3352
43	3176
43	3140
43	2955
43	2824
43	2686
43	2617
43	2592
43	2589
43	2349
43	1500
43	1410
43	1375
43	1286
43	1037
43	737
43	650
43	481
44	3593
44	3584
44	3554
44	3538
44	3522
44	3504
44	3410
44	3382
44	3374
44	3371
44	3337
44	3336
44	3298
44	3272
44	3265
44	3264
44	3221
44	3197
44	3177
44	3034
44	3014
44	2977
44	2969
44	2964
44	2855
44	2821
44	2815
44	2805
44	2755
44	2694
44	2679
44	2672
44	2645
44	2640
44	2604
44	2542
44	2474
44	2472
44	2442
44	2411
44	2408
44	2397
44	2387
44	2331
44	2325
44	2314
44	2291
44	2252
44	2184
44	2156
44	2143
44	2111
44	2070
44	2037
44	2007
44	1998
44	1938
44	1877
44	1871
44	1854
44	1852
44	1812
44	1749
44	1606
44	1581
44	1567
44	1518
44	1466
44	1458
44	1451
44	1377
44	1364
44	1338
44	1333
44	1254
44	1243
44	1235
44	1232
44	1184
44	1141
44	1140
44	1083
44	931
44	910
44	882
44	873
44	872
44	867
44	843
44	832
44	828
44	766
44	747
44	711
44	703
44	682
44	681
44	649
44	506
44	473
44	394
44	299
44	288
44	274
44	266
44	259
44	247
44	245
44	215
44	179
44	133
44	102
44	98
44	97
44	74
44	66
44	53
44	16
45	3564
45	3548
45	3474
45	3464
45	3457
45	3449
45	3409
45	3309
45	3308
45	3286
45	3217
45	3183
45	3133
45	3131
45	3109
45	3082
45	3076
45	3060
45	2886
45	2867
45	2863
45	2849
45	2803
45	2760
45	2715
45	2667
45	2625
45	2624
45	2616
45	2559
45	2534
45	2486
45	2419
45	2369
45	2338
45	2312
45	2279
45	2276
45	2230
45	2219
45	2101
45	2086
45	2054
45	2039
45	2009
45	2004
45	2000
45	1980
45	1929
45	1831
45	1743
45	1737
45	1721
45	1715
45	1690
45	1640
45	1607
45	1498
45	1479
45	1478
45	1449
45	1386
45	1378
45	1327
45	1326
45	1274
45	1225
45	1207
45	1188
45	1152
45	1014
45	1001
45	988
45	983
45	967
45	951
45	826
45	782
45	777
45	752
45	734
45	718
45	692
45	691
45	627
45	601
45	497
45	483
45	455
45	405
45	312
45	278
45	267
45	222
45	200
45	159
45	119
46	3569
46	3465
46	3454
46	3411
46	3380
46	3361
46	3355
46	3310
46	3285
46	3139
46	3118
46	3022
46	3015
46	3009
46	2993
46	2988
46	2877
46	2866
46	2840
46	2790
46	2740
46	2695
46	2652
46	2644
46	2611
46	2595
46	2592
46	2490
46	2446
46	2376
46	2337
46	2315
46	2308
46	2299
46	2221
46	2212
46	2209
46	2204
46	2199
46	2180
46	2159
46	2139
46	2107
46	2067
46	1986
46	1947
46	1946
46	1932
46	1925
46	1923
46	1886
46	1849
46	1819
46	1762
46	1722
46	1654
46	1649
46	1583
46	1557
46	1526
46	1476
46	1472
46	1464
46	1409
46	1402
46	1379
46	1350
46	1289
46	1283
46	1251
46	1168
46	1134
46	1126
46	1069
46	1050
46	1017
46	1010
46	1008
46	980
46	945
46	941
46	880
46	875
46	821
46	808
46	769
46	767
46	760
46	728
46	719
46	695
46	673
46	617
46	614
46	561
46	552
46	514
46	494
46	484
46	442
46	429
46	427
46	419
46	395
46	372
46	367
46	347
46	315
46	295
46	251
46	175
46	151
46	135
47	2869
47	2399
47	1867
47	1553
47	1539
47	438
47	172
47	162
48	3437
48	3432
48	3320
48	3128
48	3017
48	2848
48	2435
48	2091
48	2079
48	1806
48	1675
48	1652
48	1624
48	1495
48	1480
48	1374
48	1305
48	1298
48	1241
48	1220
48	1040
48	686
48	433
48	432
48	373
48	309
48	253
48	208
48	56
48	5
49	3458
49	3419
49	3413
49	3370
49	3347
49	3274
49	3254
49	2927
49	2669
49	2592
49	2549
49	2541
49	2409
49	2364
49	2270
49	2258
49	2220
49	2183
49	1965
49	1908
49	1638
49	1489
49	1244
49	1057
49	1033
49	953
49	841
49	650
49	647
49	620
49	331
49	191
50	3254
50	3152
50	2254
50	2023
50	1770
50	1714
50	1505
50	928
50	849
50	650
50	647
50	496
51	3546
51	3412
51	3208
51	3186
51	3105
51	2995
51	2769
51	2233
51	2216
51	2092
51	1858
51	1573
51	1519
51	1391
51	1383
51	1159
51	1109
51	881
51	857
51	852
51	609
51	563
51	156
52	3477
52	3468
52	3321
52	3019
52	2778
52	2676
52	2585
52	2582
52	2366
52	2330
52	2245
52	2223
52	1963
52	1914
52	1884
52	1651
52	1487
52	1398
52	1360
52	791
52	723
52	113
52	84
53	3566
53	3559
53	3503
53	3407
53	3366
53	3356
53	3344
53	3239
53	3238
53	3226
53	3097
53	3040
53	3023
53	2986
53	2967
53	2965
53	2949
53	2935
53	2905
53	2806
53	2797
53	2773
53	2703
53	2621
53	2594
53	2582
53	2464
53	2452
53	2438
53	2414
53	2346
53	2333
53	2277
53	2236
53	2146
53	2127
53	2090
53	2066
53	2021
53	1892
53	1882
53	1793
53	1760
53	1711
53	1603
53	1565
53	1452
53	1430
53	1424
53	1396
53	1272
53	1118
53	957
53	930
53	909
53	861
53	859
53	810
53	803
53	771
53	761
53	683
53	665
53	551
53	546
53	539
53	513
53	412
53	411
53	410
53	334
53	310
53	290
53	264
53	128
53	38
53	21
53	3
54	3576
54	3560
54	3510
54	3490
54	3486
54	3470
54	3376
54	3351
54	3186
54	3182
54	3143
54	3071
54	3041
54	2960
54	2945
54	2909
54	2895
54	2864
54	2758
54	2714
54	2609
54	2603
54	2555
54	2532
54	2490
54	2478
54	2468
54	2459
54	2439
54	2421
54	2383
54	2376
54	2296
54	2248
54	2218
54	2189
54	2130
54	2120
54	2068
54	2064
54	2036
54	2003
54	1949
54	1931
54	1914
54	1878
54	1825
54	1787
54	1783
54	1776
54	1754
54	1732
54	1729
54	1725
54	1723
54	1713
54	1692
54	1431
54	1339
54	1334
54	1323
54	1239
54	1172
54	1085
54	928
54	850
54	847
54	801
54	739
54	721
54	701
54	695
54	694
54	669
54	667
54	615
54	577
54	573
54	545
54	527
54	523
54	517
54	399
54	345
54	343
54	191
54	190
54	144
54	70
54	32
54	22
54	12
55	3502
55	3481
55	3385
55	3343
55	3251
55	3229
55	3157
55	3118
55	3036
55	3033
55	2927
55	2684
55	2659
55	2599
55	2533
55	2494
55	2469
55	2299
55	2280
55	2188
55	2183
55	2114
55	2112
55	2056
55	1991
55	1944
55	1932
55	1923
55	1914
55	1908
55	1894
55	1750
55	1736
55	1722
55	1581
55	1533
55	1500
55	1488
55	1444
55	1389
55	1369
55	1359
55	1356
55	1263
55	1095
55	1082
55	980
55	893
55	844
55	758
55	728
55	646
55	620
55	588
55	471
55	443
55	434
55	306
55	268
55	218
55	207
56	3333
56	2919
56	2878
56	2749
56	2590
56	2568
56	2545
56	2525
56	1409
56	1329
56	1121
56	1013
56	558
56	80
57	3576
57	3460
57	3401
57	3294
57	3267
57	3075
57	2959
57	2872
57	2788
57	2767
57	2632
57	2626
57	2543
57	2538
57	2429
57	2211
57	2196
57	2195
57	1999
57	1914
57	1704
57	1660
57	1659
57	1644
57	1511
57	1353
57	1273
57	1231
57	937
57	818
57	668
57	366
57	309
57	166
57	135
57	111
57	85
57	77
58	3376
58	3317
58	3143
58	3070
58	2896
58	2603
58	2545
58	2471
58	2368
58	2208
58	2182
58	2076
58	2045
58	1934
58	1923
58	1917
58	1911
58	1794
58	1545
58	1520
58	1465
58	1409
58	1352
58	1337
58	1292
58	1211
58	1145
58	980
58	912
58	840
58	796
58	764
58	726
58	689
58	615
58	531
58	385
58	372
58	353
58	332
58	331
58	315
58	301
58	175
58	116
58	15
59	3438
59	3381
59	3262
59	3087
59	3028
59	2901
59	2775
59	2724
59	2536
59	2321
59	2238
59	2179
59	1930
59	1913
59	1809
59	1794
59	1633
59	1625
59	1480
59	1354
59	1220
59	1072
59	840
59	796
59	788
59	643
59	602
59	373
59	282
60	2809
60	2589
60	2023
60	1964
60	1840
60	1596
60	1525
60	1096
60	1090
60	1073
60	928
61	3571
61	3542
61	3529
61	3506
61	3430
61	3341
61	3224
61	3149
61	3143
61	3070
61	2961
61	2909
61	2826
61	2429
61	2398
61	2385
61	2340
61	2321
61	2301
61	2238
61	2169
61	2136
61	1811
61	1637
61	1558
61	1554
61	1492
61	1437
61	1385
61	1366
61	1273
61	1197
61	1049
61	1018
61	789
61	754
61	709
61	528
61	469
61	464
61	408
61	372
61	369
61	328
61	293
61	261
61	260
61	168
61	160
61	63
62	3553
62	3452
62	3439
62	3406
62	3364
62	3325
62	3296
62	3050
62	3007
62	2973
62	2810
62	2802
62	2642
62	2578
62	2500
62	2350
62	2319
62	2224
62	2071
62	2015
62	1970
62	1853
62	1838
62	1753
62	1551
62	1447
62	1442
62	1395
62	1321
62	952
62	920
62	884
62	868
62	475
62	355
62	177
62	27
63	3585
63	3572
63	3521
63	3473
63	3459
63	3268
63	3195
63	3189
63	3167
63	3147
63	3143
63	3135
63	3123
63	3121
63	3120
63	3063
63	3062
63	3057
63	3051
63	3045
63	3032
63	2984
63	2918
63	2912
63	2878
63	2859
63	2815
63	2749
63	2731
63	2728
63	2719
63	2698
63	2655
63	2654
63	2589
63	2557
63	2556
63	2522
63	2493
63	2471
63	2360
63	2353
63	2282
63	2192
63	2190
63	2186
63	2150
63	2010
63	1953
63	1948
63	1927
63	1917
63	1852
63	1844
63	1802
63	1778
63	1709
63	1682
63	1676
63	1673
63	1664
63	1617
63	1597
63	1588
63	1570
63	1560
63	1549
63	1543
63	1535
63	1486
63	1475
63	1457
63	1443
63	1413
63	1406
63	1373
63	1366
63	1361
63	1356
63	1348
63	1286
63	1281
63	1240
63	1201
63	1165
63	1124
63	1080
63	1046
63	964
63	959
63	954
63	935
63	916
63	891
63	890
63	889
63	863
63	840
63	836
63	785
63	778
63	727
63	652
63	591
63	581
63	558
63	537
63	487
63	478
63	397
63	337
63	263
63	259
63	229
63	187
63	181
63	141
63	100
63	28
63	11
64	3463
64	3158
64	3012
64	2897
64	2683
64	2274
64	2243
64	2052
64	1735
64	1700
64	1630
64	1178
64	1109
64	1105
64	995
64	921
64	900
64	626
64	574
64	572
64	150
64	54
64	31
64	30
65	3385
65	3343
65	3295
65	3293
65	3157
65	2983
65	2742
65	2649
65	2631
65	2589
65	2509
65	2266
65	2136
65	1762
65	1722
65	1632
65	1623
65	1600
65	1279
65	1201
65	1139
65	1095
65	1007
65	816
65	767
65	745
65	744
65	735
65	332
65	326
65	304
65	297
65	239
66	3435
66	3406
66	3379
66	3277
66	3150
66	3106
66	3033
66	3004
66	2396
66	2268
66	2265
66	2132
66	2094
66	2041
66	1643
66	1639
66	1577
66	1576
66	1565
66	1422
66	1373
66	1319
66	1291
66	1287
66	1169
66	950
66	799
66	794
66	781
66	685
66	578
66	536
66	461
66	417
66	403
66	236
66	28
67	3087
67	1837
67	1580
67	1345
67	1089
67	970
67	431
67	226
67	126
68	3502
68	3476
68	3333
68	3307
68	3259
68	3251
68	3209
68	3204
68	3186
68	3121
68	3112
68	3066
68	2997
68	2993
68	2983
68	2927
68	2723
68	2637
68	2615
68	2613
68	2599
68	2592
68	2589
68	2572
68	2548
68	2544
68	2502
68	2494
68	2490
68	2335
68	2299
68	2268
68	2076
68	1992
68	1982
68	1928
68	1915
68	1914
68	1894
68	1852
68	1750
68	1722
68	1710
68	1703
68	1688
68	1527
68	1465
68	1456
68	1356
68	1337
68	1258
68	1237
68	1213
68	1115
68	1007
68	980
68	950
68	912
68	899
68	728
68	647
68	646
68	620
68	530
68	259
68	227
68	207
68	199
68	197
68	175
68	135
68	55
69	3467
69	3260
69	3215
69	2829
69	2725
69	2656
69	2424
69	2264
69	2259
69	1213
69	420
70	3557
70	3526
70	3438
70	3405
70	3403
70	3373
70	3326
70	3284
70	3273
70	3271
70	3144
70	3059
70	3022
70	2966
70	2963
70	2940
70	2880
70	2877
70	2816
70	2747
70	2746
70	2733
70	2695
70	2678
70	2537
70	2498
70	2382
70	2328
70	2244
70	2212
70	2166
70	2136
70	2077
70	2033
70	1994
70	1985
70	1890
70	1819
70	1803
70	1786
70	1756
70	1701
70	1683
70	1621
70	1497
70	1423
70	1402
70	1392
70	1320
70	1286
70	1183
70	1168
70	1167
70	1101
70	1016
70	939
70	938
70	895
70	790
70	756
70	737
70	708
70	660
70	629
70	621
70	618
70	552
70	493
70	409
70	381
70	361
70	359
70	184
70	174
70	145
70	131
70	29
70	24
71	3482
71	3096
71	2950
71	2738
71	1972
71	1910
71	1441
71	1047
71	933
71	806
71	564
71	418
71	379
71	202
72	3350
72	3335
72	3049
72	2355
72	2049
72	1759
72	1570
72	924
72	705
72	597
72	376
73	3570
73	3550
73	3531
73	3479
73	3348
73	3338
73	3257
73	3235
73	3227
73	3220
73	3153
73	3119
73	3089
73	3085
73	2991
73	2975
73	2939
73	2937
73	2932
73	2930
73	2925
73	2908
73	2899
73	2887
73	2870
73	2762
73	2705
73	2669
73	2641
73	2620
73	2603
73	2558
73	2553
73	2535
73	2525
73	2490
73	2465
73	2436
73	2421
73	2400
73	2367
73	2363
73	2335
73	2313
73	2299
73	2267
73	2238
73	2226
73	2138
73	2115
73	2109
73	2108
73	2087
73	1993
73	1987
73	1919
73	1909
73	1876
73	1873
73	1869
73	1868
73	1860
73	1856
73	1849
73	1845
73	1804
73	1794
73	1729
73	1728
73	1725
73	1702
73	1684
73	1662
73	1609
73	1586
73	1515
73	1465
73	1384
73	1373
73	1325
73	1293
73	1292
73	1285
73	1204
73	1173
73	1172
73	1114
73	1112
73	1096
73	1093
73	1069
73	1052
73	934
73	932
73	887
73	792
73	779
73	765
73	726
73	648
73	597
73	559
73	548
73	525
73	515
73	504
73	451
73	450
73	415
73	397
73	371
73	301
73	259
73	223
73	206
73	147
73	120
73	117
73	99
73	48
74	3591
74	3514
74	3486
74	3482
74	3472
74	3458
74	3414
74	3402
74	3306
74	3259
74	3211
74	3182
74	3132
74	3108
74	3002
74	3001
74	2824
74	2777
74	2771
74	2727
74	2721
74	2658
74	2633
74	2631
74	2546
74	2443
74	2423
74	2347
74	2343
74	2337
74	2315
74	2296
74	2250
74	2194
74	2191
74	2183
74	2128
74	2096
74	2018
74	1969
74	1949
74	1930
74	1914
74	1911
74	1894
74	1852
74	1849
74	1821
74	1813
74	1812
74	1650
74	1634
74	1626
74	1600
74	1594
74	1575
74	1530
74	1508
74	1475
74	1412
74	1409
74	1368
74	1358
74	1351
74	1325
74	1304
74	1286
74	1262
74	1242
74	1220
74	1171
74	1164
74	1078
74	973
74	942
74	928
74	905
74	878
74	875
74	865
74	833
74	823
74	821
74	820
74	815
74	753
74	744
74	732
74	713
74	706
74	650
74	644
74	620
74	562
74	530
74	496
74	482
74	480
74	433
74	373
74	304
74	292
74	276
74	259
74	239
74	135
74	130
74	57
74	40
74	6
75	3595
75	3556
75	3461
75	3365
75	3339
75	3164
75	3163
75	3093
75	3013
75	3005
75	2987
75	2720
75	2323
75	2193
75	2152
75	1939
75	1924
75	1889
75	1887
75	1779
75	1775
75	1514
75	1382
75	1372
75	1297
75	1287
75	1269
75	1212
75	977
75	884
75	690
75	657
75	584
75	565
75	414
75	275
75	243
75	242
75	212
75	75
76	3458
76	3399
76	3352
76	3204
76	3061
76	3046
76	2873
76	2818
76	2800
76	2646
76	2324
76	2306
76	1776
76	1643
76	1613
76	1502
76	1468
76	1388
76	1323
76	1284
76	1259
76	1161
76	1106
76	1065
76	981
76	971
76	960
76	907
76	699
76	658
76	551
76	381
76	96
77	3562
77	3552
77	3541
77	3533
77	3488
77	3370
77	3333
77	3331
77	3291
77	3263
77	3254
77	3251
77	3205
77	3203
77	3185
77	3132
77	3078
77	3047
77	2993
77	2952
77	2884
77	2813
77	2763
77	2757
77	2750
77	2742
77	2696
77	2673
77	2657
77	2636
77	2598
77	2592
77	2589
77	2560
77	2556
77	2531
77	2512
77	2508
77	2491
77	2454
77	2448
77	2401
77	2395
77	2392
77	2348
77	2324
77	2309
77	2294
77	2272
77	2270
77	2268
77	2247
77	2242
77	2220
77	2191
77	2177
77	2176
77	2166
77	2056
77	2030
77	1849
77	1813
77	1768
77	1742
77	1736
77	1731
77	1726
77	1680
77	1643
77	1642
77	1632
77	1614
77	1610
77	1589
77	1582
77	1555
77	1500
77	1444
77	1409
77	1387
77	1341
77	1316
77	1308
77	1300
77	1279
77	1223
77	1095
77	1027
77	994
77	984
77	980
77	978
77	953
77	950
77	925
77	855
77	839
77	784
77	742
77	737
77	735
77	696
77	677
77	676
77	650
77	647
77	635
77	595
77	594
77	588
77	580
77	505
77	392
77	373
77	283
77	265
77	164
77	140
77	88
77	8
78	3293
78	2401
78	2356
78	2349
78	2258
78	2162
78	1982
78	1444
78	1072
78	787
78	592
78	373
78	191
78	47
79	2504
79	2376
79	2349
79	1776
79	1296
79	792
79	217
80	2357
80	2188
80	2019
80	1556
80	1248
80	1027
80	985
80	624
80	105
81	3210
81	2999
81	2835
81	2517
81	2078
81	1934
81	1181
81	1098
81	636
81	542
81	479
81	45
81	41
82	3590
82	3578
82	3574
82	3546
82	3528
82	3497
82	3447
82	3425
82	3252
82	3243
82	3225
82	3191
82	3111
82	3073
82	2982
82	2981
82	2874
82	2830
82	2817
82	2768
82	2737
82	2708
82	2701
82	2639
82	2593
82	2580
82	2576
82	2575
82	2574
82	2528
82	2426
82	2393
82	2386
82	2263
82	2227
82	2175
82	2118
82	2080
82	1991
82	1866
82	1862
82	1857
82	1836
82	1771
82	1758
82	1618
82	1616
82	1604
82	1584
82	1563
82	1538
82	1528
82	1517
82	1499
82	1421
82	1419
82	1418
82	1359
82	1356
82	1311
82	1302
82	1092
82	1090
82	1073
82	903
82	894
82	856
82	837
82	830
82	813
82	762
82	720
82	694
82	666
82	585
82	576
82	555
82	529
82	515
82	407
82	397
82	269
82	248
82	237
82	193
82	64
83	3419
83	3334
83	3315
83	3209
83	2811
83	2675
83	2665
83	2543
83	2352
83	1995
83	1821
83	1531
83	1231
83	1213
83	1129
83	1058
83	936
83	854
83	396
84	3500
84	3484
84	3312
84	3178
84	3156
84	3127
84	2985
84	2946
84	2914
84	2766
84	2764
84	2688
84	2653
84	2610
84	2577
84	2507
84	2488
84	2487
84	2433
84	2344
84	2310
84	2231
84	2172
84	2126
84	2051
84	2028
84	1984
84	1975
84	1960
84	1902
84	1893
84	1853
84	1839
84	1801
84	1800
84	1796
84	1764
84	1671
84	1666
84	1656
84	1647
84	1483
84	1460
84	1445
84	1429
84	1365
84	1285
84	1245
84	1155
84	1116
84	1084
84	1062
84	1031
84	1006
84	1004
84	972
84	948
84	943
84	866
84	750
84	725
84	571
84	556
84	547
84	510
84	389
84	368
84	342
84	281
84	225
84	211
84	195
84	125
84	90
84	59
84	37
84	20
85	3512
85	3032
85	2924
85	2608
85	2533
85	2497
85	2476
85	2441
85	2365
85	2287
85	2206
85	2197
85	2150
85	2128
85	2106
85	1830
85	1784
85	1496
85	1278
85	976
85	650
85	620
85	607
85	357
85	143
86	3593
86	3579
86	3568
86	3545
86	3543
86	3536
86	3519
86	3514
86	3506
86	3430
86	3393
86	3389
86	3372
86	3362
86	3353
86	3334
86	3329
86	3269
86	3259
86	3246
86	3218
86	3190
86	3186
86	3172
86	3168
86	3129
86	3126
86	3072
86	3071
86	3068
86	3052
86	3018
86	2988
86	2958
86	2956
86	2954
86	2948
86	2904
86	2828
86	2794
86	2739
86	2724
86	2717
86	2651
86	2650
86	2605
86	2580
86	2576
86	2563
86	2525
86	2516
86	2434
86	2426
86	2416
86	2404
86	2385
86	2379
86	2371
86	2351
86	2334
86	2332
86	2292
86	2255
86	2207
86	2122
86	2114
86	2059
86	2050
86	2035
86	2016
86	2002
86	1992
86	1990
86	1973
86	1959
86	1906
86	1869
86	1846
86	1841
86	1823
86	1719
86	1708
86	1693
86	1644
86	1590
86	1561
86	1554
86	1547
86	1534
86	1532
86	1481
86	1453
86	1407
86	1326
86	1286
86	1267
86	1260
86	1180
86	1132
86	1088
86	1066
86	1059
86	1045
86	986
86	969
86	956
86	946
86	892
86	840
86	809
86	802
86	801
86	760
86	759
86	752
86	722
86	707
86	684
86	661
86	645
86	640
86	631
86	610
86	598
86	584
86	563
86	555
86	507
86	482
86	458
86	449
86	404
86	383
86	374
86	370
86	358
86	317
86	309
86	289
86	278
86	244
86	238
86	231
86	230
86	176
86	163
86	103
86	94
86	32
86	22
87	3498
87	3355
87	3329
87	3186
87	3096
87	3065
87	3033
87	2997
87	2991
87	2842
87	2839
87	2765
87	2763
87	2732
87	2731
87	2589
87	2587
87	2572
87	2556
87	2544
87	2448
87	2396
87	2294
87	2288
87	2247
87	2136
87	2115
87	2014
87	1982
87	1934
87	1923
87	1914
87	1865
87	1812
87	1805
87	1794
87	1787
87	1754
87	1748
87	1726
87	1722
87	1710
87	1617
87	1605
87	1552
87	1523
87	1438
87	1393
87	1369
87	1337
87	1206
87	1095
87	928
87	913
87	879
87	849
87	792
87	728
87	688
87	622
87	530
87	372
87	180
87	141
87	123
87	80
87	1
88	3342
88	3220
88	3213
88	3140
88	3008
88	2947
88	2932
88	2896
88	2774
88	2751
88	2734
88	2707
88	2514
88	2023
88	1866
88	1794
88	1676
88	1662
88	1625
88	1586
88	1520
88	1440
88	1408
88	1404
88	1373
88	1335
88	1306
88	1154
88	1153
88	949
88	792
88	786
88	181
88	142
88	19
89	3544
89	3507
89	3450
89	3270
89	3206
89	3115
89	3114
89	2887
89	2883
89	2868
89	2809
89	2691
89	2674
89	2669
89	2647
89	2317
89	2201
89	2179
89	2117
89	2099
89	1922
89	1916
89	1804
89	1705
89	1625
89	1525
89	1480
89	1220
89	1158
89	1137
89	973
89	840
89	596
89	471
89	415
89	396
89	339
89	292
90	3532
90	2745
90	2268
90	1211
90	1174
90	1125
90	1095
90	886
90	860
90	679
90	142
90	116
90	114
90	19
91	3193
91	3166
91	3107
91	3037
91	2854
91	2789
91	2693
91	2519
91	2322
91	1566
91	1514
91	1403
91	901
91	638
91	584
91	535
91	462
91	129
91	101
91	9
92	3515
92	3453
92	3288
92	3077
92	2850
92	2825
92	2807
92	2780
92	2666
92	2596
92	2552
92	2415
92	2215
92	2110
92	2034
92	1978
92	1935
92	1891
92	1864
92	1752
92	1689
92	1435
92	1381
92	1322
92	1038
92	912
92	838
92	724
92	382
92	360
92	298
92	284
92	273
92	262
93	3481
93	3455
93	3445
93	3355
93	3316
93	3263
93	3251
93	3209
93	3207
93	3184
93	3035
93	3001
93	2961
93	2832
93	2762
93	2749
93	2732
93	2656
93	2617
93	2302
93	2297
93	2285
93	2129
93	2050
93	1865
93	1817
93	1730
93	1677
93	1617
93	1609
93	1593
93	1586
93	1575
93	1574
93	1477
93	1450
93	1273
93	1258
93	1215
93	1148
93	1110
93	990
93	853
93	691
93	606
93	603
93	582
93	558
93	530
93	444
93	400
93	330
93	175
93	171
93	146
93	123
93	105
93	23
94	3582
94	3424
94	3394
94	3388
94	3385
94	3375
94	3346
94	3333
94	3324
94	3323
94	3314
94	3273
94	3251
94	3132
94	3099
94	2949
94	2947
94	2927
94	2842
94	2759
94	2731
94	2548
94	2467
94	2381
94	2364
94	2349
94	2282
94	2239
94	2153
94	2120
94	2104
94	2050
94	2017
94	1914
94	1866
94	1865
94	1840
94	1817
94	1794
94	1786
94	1777
94	1745
94	1681
94	1653
94	1646
94	1613
94	1585
94	1524
94	1503
94	1465
94	1415
94	1410
94	1352
94	1337
94	1332
94	1328
94	1308
94	1292
94	1213
94	1095
94	1072
94	1002
94	981
94	966
94	958
94	907
94	899
94	849
94	786
94	728
94	727
94	698
94	694
94	676
94	650
94	646
94	588
94	584
94	550
94	532
94	530
94	522
94	468
94	445
94	303
94	280
94	241
94	224
94	213
94	180
94	100
94	93
94	89
94	78
95	3534
95	3513
95	3491
95	3441
95	3398
95	3340
95	3332
95	3290
95	3278
95	3237
95	3232
95	3188
95	3173
95	3101
95	2963
95	2902
95	2808
95	2753
95	2689
95	2677
95	2662
95	2583
95	2551
95	2547
95	2463
95	2373
95	2362
95	2354
95	2281
95	2217
95	2183
95	2086
95	1921
95	1903
95	1895
95	1833
95	1829
95	1785
95	1766
95	1744
95	1724
95	1546
95	1503
95	1467
95	1436
95	1309
95	1256
95	1252
95	1189
95	1179
95	1079
95	991
95	757
95	617
95	557
95	521
95	460
95	413
95	406
95	354
95	322
95	282
95	178
95	165
95	154
95	118
95	52
95	33
96	3583
96	3509
96	3420
96	3417
96	3370
96	3258
96	3198
96	3194
96	2904
96	2720
96	2716
96	2707
96	2619
96	2589
96	2364
96	2223
96	2160
96	2135
96	2090
96	2050
96	2023
96	2021
96	1896
96	1810
96	1781
96	1747
96	1706
96	1612
96	1506
96	1356
96	1343
96	1337
96	1015
96	1009
96	902
96	717
96	622
96	546
96	509
96	363
96	132
96	68
96	18
97	3596
97	3466
97	3436
97	3418
97	3378
97	3300
97	3289
97	3255
97	3249
97	3244
97	3231
97	3165
97	3145
97	3068
97	3067
97	3054
97	3049
97	3026
97	2890
97	2882
97	2857
97	2837
97	2772
97	2743
97	2736
97	2607
97	2420
97	2412
97	2402
97	2327
97	2148
97	2102
97	2098
97	2095
97	2087
97	2057
97	2038
97	1977
97	1971
97	1966
97	1951
97	1937
97	1926
97	1899
97	1861
97	1774
97	1676
97	1672
97	1631
97	1622
97	1536
97	1491
97	1471
97	1390
97	1303
97	1301
97	1268
97	1265
97	1224
97	1221
97	1200
97	1198
97	1194
97	1096
97	1061
97	1025
97	870
97	862
97	697
97	680
97	642
97	615
97	608
97	593
97	466
97	396
97	351
97	333
97	320
97	210
97	157
97	26
98	3303
98	3254
98	2938
98	2762
98	1936
98	1750
98	770
98	760
98	650
98	218
99	3546
99	3511
99	3427
99	3424
99	3399
99	3273
99	3254
99	3247
99	3242
99	3181
99	3174
99	3155
99	3151
99	3112
99	3104
99	3081
99	3044
99	3039
99	3027
99	2990
99	2971
99	2898
99	2847
99	2845
99	2792
99	2638
99	2618
99	2582
99	2492
99	2467
99	2427
99	2367
99	2361
99	2256
99	2210
99	2181
99	2153
99	2144
99	2135
99	2066
99	2047
99	2043
99	2017
99	1920
99	1870
99	1859
99	1855
99	1828
99	1697
99	1611
99	1552
99	1523
99	1510
99	1468
99	1462
99	1340
99	1324
99	1317
99	1313
99	1284
99	1275
99	1270
99	1261
99	1212
99	1177
99	1159
99	1135
99	1042
99	1023
99	1020
99	987
99	812
99	800
99	776
99	704
99	589
99	567
99	563
99	546
99	319
99	287
99	137
99	136
99	132
99	127
99	83
